3.773044469122846
2.466788984382531
2.3595509948143945
2.294995934543483
2.223814965518475
2.1344662917488275
2.0277662548979913
1.985446857863798
1.9383120659967756
1.8044384359965384
1.711624329120075
1.684383187022272
1.6493466113200834
1.5589122810464002
1.5768390101449687
1.4685676648885662
1.4660711698933286
1.4067998330946814
1.3737521515694504
1.298589190336258
1.2832666545579003
1.2450030168590165
1.2251629045680883
1.208437738471819
1.215412861220538
1.1777145637754947
1.1457957216067534
3.6602141972694784
3.642564205887437
3.6263208113272998
3.6139827278142174
3.598202832599183
3.5898271207068664
3.5797035513491298
3.567952705722105
3.5528941827686453
3.5472630298787755
3.540931512579361
3.5352587206564525
3.523449770249709
3.516529836731412
3.508568589607532
3.5033976585001327
3.4890633472147696
3.477555573337094
3.48190423036391
3.462494109264934
3.4673192078356303
3.462666026066307
3.4559702942424724
3.4531535367237725
3.448362360829644
3.433525514137058
3.436419839716115
3.418219876761659
3.4181700820892282
3.416985179137862
3.414367609732019
3.402673763343211
3.4052432846779257
3.3958896551755964
3.3923167440087227
3.39188529139821
3.3919928770798657
3.3870417729363558
3.38375420048011
3.3690600628086287
3.3698043315124284
3.361963366972624
3.3622338598183714
3.3732836776921538
3.361419217932111
3.354411493502678
3.3477735213550037
3.337721959534076
3.347387587029986
3.346931354584287
3.3315318181117655
3.330265542735255
3.329790534071151
3.33271839672246
3.3229750828385494
3.312337422522795
3.320279508377469
3.3127738584732347
3.3209670336910295
3.308593830439501
3.29791580224176
3.2995633867408216
3.293117787051146
