3.692713945462828
3.6598135047594975
3.6289276268052273
3.585418450762716
3.561418486403298
3.519724437278902
3.4545375689799878
3.4151852473222566
3.3159824440887067
3.2585144592228827
3.1726466194886465
3.1642475232359466
3.141500094763473
3.0716240271279247
3.091847317945505
3.0521771869581844
3.03624570257368
3.0105147668098016
3.0161241184541434
2.9928311814731003
2.979101881140743
2.9905598934542192
3.012056073900162
2.9480021883907757
2.973158632773246
2.960830345637179
2.906564094018211
2.9055943225221115
2.902880153202039
2.92276604154221
2.9353676144685865
2.895358444092243
2.9332346455221336
2.951000411932818
2.9425140113740595
2.8860250317994356
2.8585219800442805
2.9317413875974183
2.938533642088409
2.838526269335115
2.8739666831410093
2.863947297979519
2.8469743882838268
2.8372649524379123
2.795835234537914
2.854129393521785
2.7781634937536737
2.847440656834571
2.8736489100534497
2.8494231572995665
2.8321427524315754
2.8414176568159797
2.7901827588386845
2.8276457825853125
2.755114388527947
2.8188786058988167
3.2270423326919633
3.68855917315512
3.688369814992666
3.687946682592659
3.687645242936395
3.687253954812089
3.6869591552517837
3.686367581819331
3.686253910736618
3.6859807317628155
3.685477943583159
3.684957552344493
3.6847349676972723
3.68455907296059
3.684260019152061
3.683997592111286
3.6835985777029787
3.683226817142207
3.682669217262675
3.682725579556802
3.6821902620887488
3.6815903717995186
3.681227519654009
3.6808808732946305
3.6812149100643246
3.6805723933756886
3.67995993927625
3.679567162269725
3.6795898954686286
3.679040205473902
3.6785118209022776
3.678185001180474
3.678298366740978
3.6773277798360153
