3.6145198247498134
3.1337065243299107
2.9541265283851263
2.8522468568307944
2.898792685896102
2.8571324775757
2.7773817945060824
2.795290155078317
2.6438101544832238
2.6214051583772147
2.5170473027881104
2.5370808683251647
2.4304274619524207
2.371514006100616
2.3524199751549797
2.236663711711631
2.2107405947402685
2.132782544632483
2.0951673576893635
2.0386364806319626
1.974330538817702
1.984500724916549
1.9420687875599156
1.8875675493510728
1.8438952435951934
1.8952938743852703
1.7682758463898849
1.7774162260626507
1.7460664772579237
1.7366812945895806
1.6701849323967757
1.662098953480196
1.6725425535405924
1.6181477247181393
1.5978115259154642
1.563210451417693
1.5276178344402283
1.5703914869473645
1.5596402634497215
1.4932693766688705
1.4692061823515576
1.4720212555153955
1.4515812417729679
1.4452157204361802
1.421987058050746
1.425237554257837
1.3770899966517076
1.4254931496179903
1.391549696022319
1.3745554521837853
1.41663215781867
1.391288287595223
1.302884545300845
1.3711918515365722
1.3182037032279332
1.3576984375586438
2.415284154928713
3.685561818761442
3.682275386770198
3.678803036709006
3.6751591782895554
3.6719151729711217
3.668564438157124
3.6652133347602516
3.6616931456562116
3.658146681639729
3.653887881252696
3.650805217086957
3.647251714162335
3.643886292468989
3.6432360364929375
3.639361194405059
3.6351844853806496
3.6315941170509967
3.6265111333684548
3.6268342738875887
3.6240640676306297
3.616975748686412
3.61337950694244
3.611207705149345
3.6119136340094204
3.6075942194702586
3.599995739002828
3.598222368057851
3.5983074298062525
3.595166275322432
3.589083050755698
3.584960133735447
3.583606641446064
3.577798562345129
