3.1638101293829566
2.5729615721892864
2.2361841547238015
1.963077742485749
1.8477533326186684
1.8268547502893246
1.675562219631834
1.6017308575844795
1.5624121192416272
1.541353198144851
1.427978276343969
1.4627001735188332
1.4298294582482707
1.4027662347133318
1.4001998687244632
1.319761059971641
1.317761735748546
1.2609101606486361
1.184510240503257
1.2052465985607408
1.1492106377177755
1.168173523743576
1.1158093106362013
1.151620235695162
1.1099750724779962
1.205854532946433
1.0493367413344443
1.0713664970582644
1.2655841707083635
1.0472344141006276
1.0038267913699397
1.009107342501949
0.9812219739016648
0.9695809113459841
0.9148172446715354
0.9463830191464616
0.8887269265796666
0.9191555884837196
0.9527448180181539
0.9060147543473717
0.8368486283926997
0.8605964323296375
0.8704098296733177
0.8517445724774741
0.827886236725916
0.8341797294654081
0.8177414723904319
0.8038599522175227
0.8034849923536143
0.759954072229807
0.8257862791731226
0.8021418631383634
0.7444752889483058
0.7619688473027214
0.7391478684111166
0.7570511014107604
1.999036848228101
3.2998543975444288
3.167741288483208
3.108894742670373
3.0583614307626847
3.052609012428647
3.0335311706974815
3.0391126380838553
3.0186043104061815
2.9970768704032964
2.9697213990512723
2.9743142534203493
2.964181187371989
2.9786885845100275
3.031180048463664
3.002017134624692
2.9869786626177364
2.9729814782412065
2.9516329913700843
2.991738645554181
3.0089251356383824
2.9675937027774486
2.9622767179121205
2.977185608500575
3.0012797858922013
2.9990370292114954
2.936693447539838
2.9591258989933276
2.9775180690813055
2.9993149087651902
2.9587116112962444
2.9454984906044266
2.9621455695702563
2.952514444579749
