3.2698157118845974
2.288136433305005
2.00005387835518
1.8256970739000644
1.7038138268475653
1.7071971551847644
1.5909307290924863
1.545441964219896
1.507849581711661
1.4877357067267363
1.3848858109614555
1.3567963470857558
1.4258936118568486
1.3132204372125877
1.2938202117988655
1.2345906384025538
1.2358191439041954
1.2342232451923512
1.1993833575156696
1.104572289145782
1.1243179165370112
1.0945784918035764
1.1035934384580508
1.0866633299567163
1.0865711024584541
1.077641830549397
1.0086873097154618
1.0523895423778855
1.0295122799326604
1.0114786568776535
0.9654260842591097
0.9870903935772486
0.9670962724554146
0.9526011923937777
0.8902701102854662
0.9120173282610673
0.8807306727525887
0.9081430314046257
0.8930293537905295
0.9126561421529533
0.8191253234679201
0.8652401340189962
0.8463742916450988
0.8857022849349148
0.8177577275864971
0.8206608157146529
0.8025539258431791
0.856018878670691
0.8326502225234214
0.804821125753203
0.787791795405284
0.7881034007754273
0.7440712988333974
0.76025523430811
0.7624819624631326
0.7730315274746097
0.7313938300180641
0.7813656735854339
0.7352432697430806
0.7396242229751828
0.678058319237389
0.710938237268882
0.6940962573903294
0.6925190086141895
0.6772921853774138
0.692799342886476
0.670874046384679
0.6723169785713671
0.6927429233870502
0.6751640991401083
0.6743543549164205
0.6683841876292757
0.6499552041078169
0.624093791700228
0.6321524874855744
0.659229409221402
0.6461260404445405
0.6152579962501122
0.6344900210325838
0.653194822135201
0.6128135154131077
0.6207243646614544
0.6344686988522982
0.6161428034514127
0.5879484849665502
0.5859966945221756
0.5892439574939904
0.5549322047842203
0.5961657804076554
0.5835131026717107
