3.139716800013587
2.385323101864967
2.1086191622850885
1.9097939025497972
1.7976658435103172
1.7302100822638957
1.6007760923068703
1.582228710025823
1.5295087501388624
1.4912393843770404
1.388273989904855
1.3962279540119549
1.4088553480744253
1.3201021440831688
1.3199198925219433
1.2447165912737466
1.2631193479461114
1.2549503852417065
1.2138461471383648
1.1361751929122796
1.1556576657090696
1.1379693964700681
1.1272878006301137
1.1082354507081227
1.097484360258515
1.0869645822752154
1.0212380150028189
1.0505615599252265
1.0508894693175437
1.0167421654949274
0.9530113692046104
0.9737304484853458
0.9770173693022915
0.9916063239512428
0.9175311382480537
0.9319523868388616
0.9000478759326751
0.9440686633903085
0.9362415692390688
0.9143935308035154
0.8628525544472335
0.885197194931937
0.8525039315032598
0.8601773746699881
0.836028552585019
0.8359183236759943
0.7933398393631204
0.8565809927053983
0.8360451765488818
0.8363283093858502
0.7965387887883011
0.7937460307909898
0.7638808657020113
0.7910778576660806
0.7373516872894337
0.7521791538788006
0.7527602513108009
0.7461599197985627
0.7452118952869242
0.7226212410504691
0.7027417712477779
0.6959231684555219
0.7096113942718515
0.6950887589141725
0.6765362672657305
0.6914324410795034
0.6701139518628292
0.6773593121799
0.6806585648777862
0.6813845233338343
0.6587875519775335
0.6608460717208563
0.6578626184180223
0.6069489327352763
0.649827796946813
0.6362051340621435
0.6353095287929953
0.5922196081340841
0.6250799927247589
0.6118327171487147
0.584187131463656
0.6004307985864719
0.601748031763532
0.5811018110007462
0.5666314122724649
0.5799990893960286
0.5597231542056537
0.5483485243918073
0.5652913522652784
0.560811541351348
