2.419218552769078e+20
3.342800092060371
3.1387125980206037
3.0347579943242833
3.0020764557651476
2.967385506882764
2.9530661002199556
2.995845847403751
2.964324478681357
2.959278777976495
2.952407305734859
2.981911156005107
2.983119313678974
2.9701599401713565
2.9859403034521024
2.9592859709216985
2.9492600036739995
2.944434305832795
2.970712748265355
2.946250888451028
2.931223194548874
2.9528349591864824
2.989272691883083
2.933399809211256
2.9862072607510424
2.9864775553819896
2.9371642448549067
2.9306624966570975
2.9634612533190037
2.9514108465958264
2.98461444747948
2.9318505976146887
2.9913212919305447
3.005660038859814
2.9833708619209403
2.9331652745507157
2.9693032785538627
2.995317271476887
3.010916579654059
2.978562725312302
2.9831100271633426
2.9860388959503403
2.986062178019363
2.938213517872371
2.9177651092125867
2.983132416168022
2.9004595634434187
2.9732159381802763
2.9790092615045833
2.976376467962939
2.993453219267016
2.990041268418395
2.9466905591484434
2.9855772868307464
2.919670416728755
2.9483535553985396
2.96157130722861
2.97172583759437
2.9389520556354474
2.9702363866532253
2.9562878092058176
2.9554927921411243
2.9725096657742953
2.9895785141139806
2.983502561717417
2.9870952662247143
2.946937979837031
2.964717761272428
2.9479880299759764
2.963550383366242
3.0169195441575805
2.991114510600851
2.974673731183196
2.9628506272200212
2.9409595966974265
2.9868372244928274
2.9953384351054937
2.9548366256943575
2.9639643381315395
2.9716673712820785
2.9892847008363517
2.966234475201517
2.9427939304879898
2.976142454774864
2.967405561068947
2.9953382051288253
2.966597330271462
2.9433105611657897
2.9572136713810573
2.9485693785536276
