3.7004824530739424
3.693152049166602
3.6910045825290734
3.6811145747120277
3.6811809279250123
3.6786618143936054
3.671432402287941
3.669515959201474
3.6664801995314136
3.6606799954372846
3.6553987226761797
3.6514718513824924
3.6518557201166115
3.641893745604126
3.642166235845507
3.6370650771731126
3.631158247402224
3.624638392992766
3.6256020351566787
3.6157618807740284
3.6116675000149727
3.6091084635517237
3.612508373885434
3.5967588310385494
3.602000100570329
3.592829877637922
3.58118477381674
3.6902229726891167
3.6902072573921214
3.690138972589102
3.6902257194630543
3.6904286785009504
3.690297493783674
3.689997584540859
3.6900391772831456
3.6897587683721302
3.6896787141057428
3.68974873362747
3.6897297505400912
3.6901341485502868
3.689701178511386
3.689405060091273
3.690166161121204
3.689860350156323
3.68953836175636
3.6895564393974607
3.6894236571289807
3.689481549787988
3.6895275153196443
3.689168513680303
3.689068566013088
3.689235453696229
3.689115380066205
3.688976328228562
3.6890775617244485
3.688964275692064
3.688915097931468
3.6891634020695054
3.688903135397377
3.6892362035331865
3.6889188863225133
3.6888981522332176
3.6888163848989617
3.688600707640505
3.6886005869133505
3.6886811372096013
3.6883070672979525
3.688473700578437
3.688337804743524
3.68850626438563
3.688448636851941
3.688299284803825
3.6881729650513537
3.6886079030201038
3.6881662942580706
3.6883346464201225
3.688014207914914
3.6881319906954406
3.6880230579407187
3.6877710597739544
3.6882957784513217
3.688165464571996
3.6877661244976587
3.6876223047018755
3.6877204472600322
3.687589625494126
3.6874163163977998
3.687475277329503
3.6876359864298127
3.6873108523231197
