3.209279236771738
2.8635675314561877
2.5958616563958574
2.35299667868863
2.206018724285529
2.0558324745155496
1.915626632498904
1.858035491298044
1.8166534207707652
1.727150610057005
1.654437916672292
1.6324006651082938
1.5695685789103655
1.5081705316475231
1.5282695180883246
1.4546222326463376
1.4603675341642885
1.4227514460062274
1.4096835274812898
1.3512838848867028
1.3161085647214643
1.305678213665388
1.2997128518723338
1.2828323041283451
1.2996943382516277
1.2631234498993347
1.2641263779304517
3.6617263254610575
3.6164888317537693
3.5743820228221184
3.535254125043831
3.4891688496613216
3.4618070424514147
3.435726038017244
3.3977273442310865
3.3441607244449902
3.3252624664382995
3.3249041124732077
3.310993342564016
3.2653596966456777
3.250098400520395
3.2307713089460735
3.2243356491302015
3.1799127368063598
3.1424722298079293
3.187060418364488
3.1135102787957583
3.1484471289137885
3.1508111243481594
3.145543280381813
3.138408949768719
3.1495513430599087
3.0976321207653488
3.1159706431527963
3.063577043925172
3.0868703820919836
3.0908976737865568
3.1060042567395922
3.065324141821051
3.1015104390558386
3.077716761712173
3.0722056575891377
3.0789479083212616
3.0905255390562725
3.0825804445376943
3.083245623264228
3.040048880149088
3.060584613356141
3.035900581222545
3.044935636522781
3.100752570879565
3.0704958235078186
3.0484764832815405
3.0456513338973727
3.020681766197731
3.0683921071419196
3.0639521177531406
3.02377572194509
3.028454238736491
3.0324136492595115
3.050862461857537
3.0347038209433386
3.0105737016815866
3.0374686355610985
3.034750686684523
3.0550311170946816
3.0275945204933397
3.000824788807282
3.013772495044107
2.9972461142483136
