237263899.25940403
2.9874647783992696
2.951983371991405
2.963808735120397
2.977923596371277
2.957340401662152
2.9501212264911065
2.997766680316804
2.965272354922666
2.9617707729341434
2.9561351489847922
2.9849255807073773
2.9879455629873566
2.9743062487475456
2.991790733381077
2.963025434497337
2.954346557262036
2.9474391844057006
2.9740252924911013
2.9495026345366155
2.93405884755656
2.9570270292470795
2.993003083189138
2.9367325589694744
2.988596501274861
2.9897160201479682
2.9379676328087094
2.935663069062622
2.9670220798189546
2.9545067779375214
2.9884672128300034
2.935260773152403
2.9958401968912964
3.0090791164139596
2.985513273845454
2.937087685838391
2.9731399785824264
2.9962882714606156
3.013538280468147
2.9817936092678585
2.9847764497765334
2.990618849060826
2.989047705665294
2.941827604382385
2.9212426851231132
2.987080979813314
2.902457472700251
2.977183138230011
2.9823515241377963
2.9814898898633966
2.997837566695685
2.994552215744607
2.9494468531048166
2.9889233657649816
2.919379152123795
2.953777155170029
2.9651367553865366
2.9740167145297733
2.942433149570456
2.9726846862838436
2.9607880487551963
2.9573383292333726
2.976933282162985
2.9938452206918944
2.9877136817517385
2.9907781121737114
2.9496297356934407
2.9691256709822405
2.9525932280141056
2.9671678059790536
3.0182545686224067
2.9969124321190175
2.979126288418844
2.9673166124965196
2.944875712071354
2.9906857163374507
2.999935909392812
2.958298799578916
2.9665374057299005
2.973643477168204
2.992054240324314
2.9717199994143346
2.9461247226816867
2.9808182117594475
2.9706848691472945
2.9983241355509884
2.971179593363004
2.9470738985999474
2.95965980752812
2.9528021959432755
